1 99999U 24001A   24165.00000000  .00000023  00000-0  00000-0 0  9990
2 99991 97.50 00000.00 0002000 00090.00 00000.00 14.89338871 01
1 99999U 24001A   24165.00000000  .00000023  00000-0  00000-0 0  9990
2 99992 97.50 00000.00 0002000 00090.00 00090.00 14.89338871 02
1 99999U 24001A   24165.00000000  .00000023  00000-0  00000-0 0  9990
2 99993 97.50 00000.00 0002000 00090.00 00180.00 14.89338871 03
1 99999U 24001A   24165.00000000  .00000023  00000-0  00000-0 0  9990
2 99994 97.50 00000.00 0002000 00090.00 00270.00 14.89338871 04
1 99999U 24001A   24165.00000000  .00000023  00000-0  00000-0 0  9990
2 99995 97.50 00120.00 0002000 00090.00 00000.00 14.89338871 05
1 99999U 24001A   24165.00000000  .00000023  00000-0  00000-0 0  9990
2 99996 97.50 00120.00 0002000 00090.00 00090.00 14.89338871 06
1 99999U 24001A   24165.00000000  .00000023  00000-0  00000-0 0  9990
2 99997 97.50 00120.00 0002000 00090.00 00180.00 14.89338871 07
1 99999U 24001A   24165.00000000  .00000023  00000-0  00000-0 0  9990
2 99998 97.50 00120.00 0002000 00090.00 00270.00 14.89338871 08
1 99999U 24001A   24165.00000000  .00000023  00000-0  00000-0 0  9990
2 99999 97.50 00240.00 0002000 00090.00 00000.00 14.89338871 09
1 99999U 24001A   24165.00000000  .00000023  00000-0  00000-0 0  9990
2 999910 97.50 00240.00 0002000 00090.00 00090.00 14.89338871 010
1 99999U 24001A   24165.00000000  .00000023  00000-0  00000-0 0  9990
2 999911 97.50 00240.00 0002000 00090.00 00180.00 14.89338871 011
1 99999U 24001A   24165.00000000  .00000023  00000-0  00000-0 0  9990
2 999912 97.50 00240.00 0002000 00090.00 00270.00 14.89338871 012
